2257875067
32966829
3408079662
191215471
2010982323
9261935193
1699850941
8224116297
15886083
2759570314
1329934063
2240284060
8415276236
1677050498
4615659540
343595568
1827349153
4488025858
4111440378
3742629805
3969246400
4476248000
1465432735
1461855540
5519743846
5010231885
3328875485
7029237672
8249253273
1526711782
6225875568
2961326936
2218193650
589418401
1192141790
203717598
957686768
9559654440
2244186399
203043124
428816373
2490953439
334768904
1590664451
10199339335
1541545020
148114026
86669859
8727067056
2356783942
139441153
1820742520
1914744230
355182413
196625125
140200142
5332749639
91763236
4518682763
2699578356
216711621
527962962
3642547470
1226647667
11435836455
1781572016
4948313150
143351832
531660048
9051665251
1755097707
11041762684
394452756
134247295
5813473557
9505486440
1878264924
5830991994
7847021734
1721156241
1296852056
290013371
4889574571
1019749383
1238535240
2695022221
7910784433
317787033
4964139748
839021227
3317091939
234914729
488009934
361218372
409623682
1063464108
1972814256
3743173290
290680948
2728418
460431628
2804438222
3361387620
6060422
3816571937
2704382498
8476210207
177182352
428527129
119997748
1768495476
1435420119
2930365658
9619184395
11313536442
3941807547
2949292051
3759618354
35477455
4922354532
9964334457
101630749
3905151467
44496091
193100177
5345316780
25255850
49294085
3554829469
2346037519
1448743780
9809961685
273752728
3801155488
5001864244
3828722560
48473956
848983878
8581300972
138893951
451736127
122705277
9212976871
2525857969
3121923810
11053401084
204875267
5210817216
1569915339
2364853054
3250362531
11123633649
71705002
254148688
419666966
354429787
158506808
794405834
550984223
1923263370
4427549736
2048702261
7946950879
221333543
24604082
3942416299
2852381434
2961004712
76730468
1959066919
746326
54499741
148329390
798253273
7379033128
30931086
1748336426
5511961778
738373300
980863953
1218808734
4748065216
4885398
5593317483
10482228337
428759112
437285508
189602921
3735751831
8988564682
10096694760
472417443
740104244
7263046456
9230421680
125955760
8590939706
3457753203
75668
3481267200
511801120
9224338875
603841606
878343
42857612
1605594347
5105297141
4574076405
11483605
1375071046
8199813771
61933795
1258149979
3797940753
79855297
3348769488
1161712599
3625279345
182521693
10646979010
1213011780
818587204
27303224
346942439
373895924
472166372
4502110156
2950362967
7117948270
4965472347
100159905
1738923257
219646180
4565511888
20220895
446196405
1152889790
1706046116
15188762
498555990
10392292546
9989559290
1088299
157469881
912067285
137377499
33899597
94109603
491107772
62096278
57614654
848207923
91320296
116305932
168189968
1822473889
1205583664
2061595980
1172157865
327053303
3933694362
11430613230
3454100624
1291953416
417392320
1028814692
3664858387
574455431
906036145
2724750025
1600652727
287475567
1954960508
247733668
324254362
5031461199
1314826401
602891997
2738734986
3135075512
3565323990
5332997502
8989477512
1516671483
5019354572
10690835496
3405210131
5416071667
5650448573
2522027961
949802321
7321612062
5358702929
4930100936
1472858650
6084396089
1275530898
4534046712
604719376
1563858147
5118990069
1626552448
2368660943
728617109
10821419814
470767423
672589949
1186236366
8654721803
1001230671
2433314512
1195016325
1878102560
1490437547
1993578789
1329643295
1377554180
2039663553
290143173
8033929955
528770109
1775241531
1724871180
3897789226
2631294806
761983871
4006017262
8168082098
579592289
3836862241
4270923745
1037775898
1011036447
1743237961
1325067363
2451869053
3394715853
3909416736
1089358789
1035652298
10286117199
1703376152
914258383
311075220
2354748975
1138939457
8123012897
13929053
168779494
3904696278
2235856556
1448356620
1325102532
1346394059
314355859
1651580532
328733479
3315821933
206469587
9983083207
102845962
1507121140
10878026129
562660676
1269114541
947730300
979910962
2012672944
2213607686
1585313799
74395433
4244261589
2325100195
1787952883
1463472063
321635223
1604935460
27839622
95898485
553019972
2636969973
4832539434
151406412
1646230541
661191411
2295673309
573870251
329072601
162475117
256295617
70484295
16346447
204748518
1372467743
897687918
5857396914
854474511
45890969
1267929791
1538759368
80222025
451478780
690441662
2553305596
59886936
3751523394
448338422
10659503528
411294613
3795046490
1449079832
9783820335
1414629175
5860337179
8335335998
5454091599
601880901
4941882566
9662595847
7895697575
8125668059
8930741226
7813237583
7244607969
3169635789
4597095444
3881877511
3851089490
2474918311
824424503
941219531
1002220485
3380917083
1382299278
293027002
1725089632
638016564
7421672695
1371720565
5127048911
3094157497
5071376
5379709099
1773990350
852765945
133356669
4832016981
2849003736
2418049831
386400432
1522968752
1515899204
150316285
1190475691
2743560670
605376707
276479103
268603
821189634
913873122
4052354727
53831900
57959289
5533383880
849744982
2393675802
526899420
1783469575
178557233
60034058
157440281
3852350232
47856881
10303426938
7672372589
4989799
4199795624
88898173
2724933991
3003013394
57372971
1883043552
47946889
88040041
78656996
987072353

3725680980
718473837
249574476
5227175784
65704078
13826531
7358700114
442184652
377558972
5675594033
1344307332
1627781682
7637210480
2931145425
8746315080
1716871908
1420037991
2371191276
11043382710
1877578085
650322860
2725927853

1313925534
5255744067
249512389
2278344794
7272398089
4876453997
4328625543
7162992723
1491543026
5244625812
3967643025
10532999346
8957264104
1067703568
3161863214
3771762896
9185342797
2319691828
10213535173
4793844691
8259700979
1718781498
7972905592
5584307545
5300809297
4708548467
2496781171
4773411457
7061731802
30708539
281886827
1171600653
41944052
49985513
247292149
58420088
1336487144
7242956012
4982871643
1437794499
3042960627
1565500524
3490182129
65565722
4933140945
1200529932
318548424
1463429012
907263772
1984671452
3018957127
4383946159
165715815
3568437952
4182956816
9264069967
8367250351
7393485669
5377267174
3901018623
3194911776
8157299825
2319219830
5188775138
6101621161
472659253
72319678
6023292125
8848049391
197014855
150665205
720597463
2471850100
161311163
3675066422
7122375373
466162295
1534969099
88364578
77094969
106063787
2010644406
1488682983
5049243858
25454506
1783851304
1811771442
3587326372
634511865
536121736
3590311326
4137658141
2697481349
78606196
566672040
3743541984
5294154899
11092593036
3529890719
1567009515
3761885187
1680289374
1499046431
3426846644
111909012
1036401637
602883136
8304188079
334064257
4245772338
3021866048
5770637075
7706992993
161807648
172771536
86603156
501772502
951316495
117319674
4388738805
857405052

1161205877
11497989884
10363652101
1425568705
9391125346
1904430209
174008655
60652166
2462028809
3319305533
3258288168
1033396885
4273828254
3028055685
8207186180
1123907708
220839311
4231679813
2675865623
3103440972
231849214
10528057226
8525867408

1109245196
138527718
154315913
1606918669
147964221
1471498148
351640434
2425733911
4964480440
3168959150
2623134814
8652575931
621191686
2499624815
3913482592
4374743480
1034449251
1779818444
1572873683
2949175469
2009100994
1400912939
885190721
2228267374
5810477650
3550392687
10672809445
1887084384
9042534772
1345069063
1891026150
7662960169
885990284
2605105685
3182700540
1182390653
662764954
1272708691
1573416572
1145326691
8362941558
935383948
2885393646
534681565
1807431874
3003048850
3010256281
393593313
9801267637
1517534327
1123785961
407477263
166931801
86785890
138927257
170524458
10392042576
1429035858
303273
465268301
2732119790
224437017
1927337763
4746230
10290085
343913598
1056561462
921328744
733201612
488364412
11288753888
26673913
444482289
1420547784
400656158
2285638856
140117900
8436976115
917787737
7753137398
75568847
1544471806
8717235716
7885885947
2220415191
2679633121
2032523030
2400685868
2379911343
123590944
4036431145
2978152131
882333987
2833338423
3148103375
8943042024
73259696
4161806328
457731632
4246401717
145947314
1869091969
1688313919
3540505646
2003092054
4279054286
1560079329
10131700166
6178766868
975835487
2696726764
895103799
8247495889
5543684530
296154868
39044579
4366153835
270850637
160644796
360673236
1145804657
7212796546
152488677
3082067555
8928983505
7491304063
410233199
2508769267
9394174498
2842413844
4000979650
8129640624
886349521
1354000933
3564989195
1243605590
306453089
9086126987
5229458465
3726733518
1862194932
5131880157
545373383
1874282703
8305449971
69967742
4238775412
3622608738
847649173
829433907
967537870
1263389605
2606072359
10920531464
1969484115
162442297
24930503
2762382469
1092882027
9387234622
163074692
1416108400
194314540
8256540075
10823299609
2425221364
7737525118
4887585354
9868825946
4859076955
4563628072
3597749724
2587421506
4273456369
584557447
5363826201
3690361196
3795574693
513526115
3048864533
41880921
3711514042
11250222962
5743892117
8039406517
4021414513
1335242565
9297644057
3069647158
8107900138
4256127594
7718554462
1616274508
4951129332
2368096861
4252541334
2747943313
3094262685
5445066705
5185499879
2778946695
3810213963
2876347714
5106809756
9177616159
3503593678
6048617299
4782987973
2265469609
3713911199
4317728075
3589557512
7317828032
7799225562
7714561913
4135340438
4416244168
968168332
4812094824
4370324081
3940810534
3519631361
4682376291
2431789450
1513155085
4023725821
3529696957
3769408347
9326734295
3976277675
9209670831
9406404520
3900980933
5746797706
7557555302
1593358127
3546027962
11190511609
2537779805
9116660688
9479959932
3352543019
2760596937
8545354575
8337469805
10771207454
1136803117
3303718080
4961126195
1892605662
10894761953
3411751349
8087400223
10494816833
2811249367
5815753850
1886747893
1780909072
1867006606
5386891419
3470573654
5728627760
9582942146
4584330730
4622633487
1545187218
8650148144
2704717864
1292750785
10066062102
2793915379
2593624067
7112304033
1577332996
3751953184
3137212833
1249310851
8836670752
1049072447
1159483939
2464015271
7256109896
8553021180
7880444796
10379312367
3106353749
3889927420
7735180596
5317985958
549808509
2662855220
3892703131
5511506288
8288295879
9872472923
10590172648
4493836955
2447866063
1226958726
2543723291
11144167320
8383419300
11528332906
3476760180
2633269762
3554773320
10172173984
10795143245
7764691101
10303470091
9505293046
9622011755
3007416071
5351662296
3024119644
7849847800
1575497276
10018604300
3362764166
4225322552
4270567116
3150508280
7798650340
3662605877
2603750174
115557518
3551960101
5545604020
4024148981
478145783
7011694290
5360063515
1636319
4961169072
1916291875
3433544682
7836394345
4565905275
3871432320
4668474674
5405116337
4133728457
1962043591
1766793770
8695487580
5031252757
11674183503
7540890440
960866401
5369786018
5572100135
11208504990
3696290911
1166300308
35534004
3858197222
5612491342
7981277447
11253648759
2311171644
4614457779
4565142563
10411577158
2815490532
9763947407
5536581205
588777453
3595239726
326497391
3219764216
35511622
1582722206
9158203987
2063939167
197433285
1848301457
1551714630
10060005602
2441096659
1879240826
1792225476
9943992341
5164331548
8621586641
1909172895
57424707
4256060089
5587593387
11187289924
1483293854
2245457542
4653692934
1220776770
2427443966
2051646499
3515200220
7072151437
2241953419
9123394177
3445500068
5188283200
2947769690
1758780223
1180232338
1824275842
11675072785
8809410014
2286190998
5533219666
1530797137
2051855220
7499531014
5272836795
10020483183
1276314403
557077461
3097181105
2758280035
3258046205
135015528
592352721
1379899498
530853360
2935687823
9697057663
1612459358
3630079162
5300143738
3743953557
3701828245
2960526816
3897090167
109511818
3326694458
23286430
2975115041
29180963
489493435
4706286513
8319410967
9927178620
1847956714
1448040722
1818356385
508950144
3077112161
1649342718
8014538646
696425574
5002408236
2537353641
82556167
8133039480
2395006474
122536716
4173927622
1478191811
2444734195
94751649
5750520995
4874808549
4918941356
132014165
2285805148
179709344
542394668
4226084344
1819565436
2515061849
5401049619
4323191855
1997913512
10122880621
1343089882
574157975
4947594256
4925423372
3519928937
2503236586
102662577
4953894088
1596782323
335538726
1639772026
2057559778
4563513973
222443352
4726558331
452964016
10885444886
5504298102
10930115921
8064105172
1963359821
57711974
9574828621
1778910204
2461464237
7923118973
8377363570
2378159238
10240223002
5092701112
1572175511
4029303175
1745064891
10798099389
3729252730
4921750605
3822141782
7831421220
5159024221
10013846512
4239798963
4126876005
7346403564
125378871
2473843353
10937743863
10939171315
